0 0.672470 0.739559 0.036997 0.031323
0 0.254081 0.313225 0.042437 0.034803
0 0.185528 0.437935 0.040261 0.029002
0 0.356910 0.294084 0.036997 0.040603
0 0.675734 0.207077 0.026115 0.024362
0 0.607182 0.585847 0.039173 0.032483
0 0.764962 0.537703 0.032644 0.026682
0 0.776931 0.642111 0.019587 0.017401
0 0.659412 0.613109 0.045702 0.029002
0 0.670294 0.328306 0.015234 0.020882
0 0.778564 0.208237 0.022851 0.017401
0 0.764418 0.165893 0.014146 0.016241
0 0.864527 0.057425 0.020675 0.029002
0 0.757345 0.259281 0.015234 0.017401
0 0.801959 0.086427 0.047878 0.040603
0 0.674646 0.295244 0.015234 0.015081
