0 0.429271 0.835847 0.103373 0.093968
0 0.426551 0.753480 0.026115 0.019722
0 0.211643 0.769142 0.075082 0.034803
0 0.182263 0.866589 0.025027 0.020882
0 0.393362 0.633411 0.088139 0.053364
0 0.113166 0.531903 0.026115 0.026682
0 0.238303 0.660673 0.023939 0.024362
0 0.265506 0.683295 0.065288 0.032483
0 0.326986 0.693155 0.025027 0.017401
0 0.065288 0.787703 0.054407 0.044084
0 0.244287 0.888051 0.020675 0.017401
0 0.244831 0.842227 0.013058 0.013921
0 0.445593 0.712877 0.011970 0.012761
0 0.069097 0.885731 0.014146 0.017401
0 0.224701 0.714617 0.011970 0.013921
0 0.416757 0.549304 0.030468 0.026682
0 0.416757 0.660093 0.032644 0.034803
0 0.637650 0.584107 0.060936 0.056845
0 0.298150 0.819606 0.036997 0.047564
